 <pre>

 Contingency table for Cloud base (m)
 Selection: ALL    610 stations
Period: 20201204-20201217
Used {00,03,...,21} + 01 02 04 05 07 08
 Limits    70.0000000       150.000000       300.000000       600.000000       1000.00000       1500.00000       2500.00000       5000.00000    
 Each class is data <= limit, the very last > last limit
 Total number of values      317169
                                                       OBSERVATION
                                   3370     5767     1994      584      227      120       81      141       82 |     12366
                                   2796     9114     5346     1263      402      146       61      107       32 |     19267
                                   2896    15172    20940     7895     1602      426      166      261       78 |     49436
                                   2139    11881    29163    33136     7902     1405      485      938      315 |     87364
                   cy43h21_MSG     1112     4698    10193    16400    10674     2827      668      983      302 |     47857
                                    502     2018     4876     7535     5465     2969      915      856      228 |     25364
                                    234     1105     3031     4661     2869     1822     1604     1142      187 |     16655
                                    252      630     1292     2147     1316      859     1444     3476      378 |     11794
                                   1444     2661     5372     9498     7450     4077     3425     8173     4966 |     47066

                    SUM           14745    53046    82207    83119    37907    14651     8849    16077     6568 |    317169
                                                       OBSERVATION
                                   3177     5727     2182      742      287      152       94      182       87 |     12630
                                   2883     9131     5873     1397      443      159       73      136       43 |     20138
                                   2993    15074    20795     8515     1719      474      169      287       90 |     50116
                                   1980    11501    27433    30948     7634     1538      463      914      244 |     82655
               cy43h21_MSG_IAU     1170     4772    10201    16195     9897     2598      692     1011      283 |     46819
                                    514     2190     5348     7682     5505     2779      811      850      215 |     25894
                                    261     1295     3345     5106     3068     1850     1519     1066      184 |     17694
                                    226      602     1274     2238     1288      823     1348     3037      311 |     11147
                                   1541     2754     5756    10296     8066     4278     3680     8594     5111 |     50076

                    SUM           14745    53046    82207    83119    37907    14651     8849    16077     6568 |    317169
                                                       OBSERVATION
                                   4503     7646     2515      891      479      233      152      296      152 |     16867
                                   3058    10207     5842     1791      567      174       61      156       46 |     21902
                                   2457    15480    22152     8310     1988      462      171      356       85 |     51461
                                   1730    10170    30053    36851     8607     1584      569     1047      369 |     90980
                 cy43h21_MSG_2      754     3412     8020    14414    10133     2653      660      863      307 |     41216
                                    346     1144     3057     4976     4109     2505      713      653      172 |     17675
                                    275      845     2065     3232     2187     1666     1540      856      157 |     12823
                                    227      899     2164     3047     2005     1124     1522     3552      307 |     14847
                                   1395     3243     6339     9607     7832     4250     3461     8298     4973 |     49398

                    SUM           14745    53046    82207    83119    37907    14651     8849    16077     6568 |    317169
                                                       OBSERVATION
                                   4560     7670     2533      922      549      238      156      309      168 |     17105
                                   2974    10029     5849     1768      561      171       61      147       40 |     21600
                                   2517    15558    22207     8432     2056      485      167      345       77 |     51844
                                   1638     9951    29323    36505     8623     1639      540     1039      345 |     89603
             cy43h21_MSG_2_IAU      718     3373     7813    13913     9766     2632      663      866      279 |     40023
                                    375     1186     3132     4907     3911     2355      740      686      163 |     17455
                                    315      974     2304     3495     2342     1645     1537      918      155 |     13685
                                    224      950     2224     3026     2061     1131     1485     3261      300 |     14662
                                   1424     3355     6822    10151     8038     4355     3500     8506     5041 |     51192

                    SUM           14745    53046    82207    83119    37907    14651     8849    16077     6568 |    317169

