 <pre>

 Contingency table for Visibility (m)
 Selection: ALL    698 stations
Period: 20201204-20201217
Used {00,03,...,21} + 00 01 ... 09
 Limits    1000.00000       5000.00000       10000.0000       20000.0000    
 Each class is data <= limit, the very last > last limit
 Total number of values      690246
                                     OBSERVATION
                                   6927     7163     2130     1099      824 |     18143
                                  12299    65436    38952    26907    17444 |    161038
                   cy43h21_MSG     3928    36380    43827    42456    27884 |    154475
                                    973    13828    35836    60137    51041 |    161815
                                   2215    20386    39580    64706    67888 |    194775

                    SUM           26342   143193   160325   195305   165081 |    690246
                                     OBSERVATION
                                   6571     7190     2330     1219      847 |     18157
                                  12316    66531    41586    29910    20059 |    170402
               cy43h21_MSG_IAU     4080    34728    41163    41769    28810 |    150550
                                   1160    14233    35898    58676    49062 |    159029
                                   2215    20511    39348    63731    66303 |    192108

                    SUM           26342   143193   160325   195305   165081 |    690246
                                     OBSERVATION
                                   9191     9950     2760     1343     1000 |     24244
                                  11415    65993    38596    25263    14328 |    155595
                 cy43h21_MSG_2     2826    34322    44380    43271    27827 |    152626
                                    843    12478    33293    57904    51564 |    156082
                                   2067    20450    41296    67524    70362 |    201699

                    SUM           26342   143193   160325   195305   165081 |    690246
                                     OBSERVATION
                                   9270    10073     2904     1429     1052 |     24728
                                  11356    65940    39203    26102    15030 |    157631
             cy43h21_MSG_2_IAU     2851    34627    44271    43898    28756 |    154403
                                    820    12237    32852    57153    51355 |    154417
                                   2045    20316    41095    66723    68888 |    199067

                    SUM           26342   143193   160325   195305   165081 |    690246

