 <pre>

 Contingency table for Cloud cover (octas)
 Selection: ALL    646 stations
Period: 20201204-20201217
Used {00,03,...,21} + 01 02 04 05 07 08
 Limits   0.500000000       1.50000000       2.50000000       3.50000000       4.50000000       5.50000000       6.50000000       7.50000000    
 Each class is data <= limit, the very last > last limit
 Total number of values      344465
                                                       OBSERVATION
                                  21714     1673     1609      849      553      668      830     1941     4326 |     34163
                                   1326      266      295      186      158      237      297      949     2254 |      5968
                                    710      118      183      117      118      130      179      557     1666 |      3778
                                    550      103      137       85       85       99      164      516     1551 |      3290
                   cy43h21_MSG      456      103       91       87       79      104      179      560     1599 |      3258
                                    467       94      102       92       89      124      173      642     1892 |      3675
                                    818      129      173      146      112      160      239      814     2567 |      5158
                                   1227      202      261      226      219      286      433     1632     5362 |      9848
                                   5603     1235     1306     1467     1232     2156     3680    32201   226447 |    275327

                    SUM           32871     3923     4157     3255     2645     3964     6174    39812   247664 |    344465
                                                       OBSERVATION
                                  22127     1736     1661      881      590      734      900     2158     4779 |     35566
                                   1152      243      278      213      169      223      264      958     2409 |      5909
                                    680      139      176      113      110      117      200      625     1740 |      3900
                                    502       96      114       87       91      103      181      565     1593 |      3332
               cy43h21_MSG_IAU      423       88       95       97       74      106      155      576     1625 |      3239
                                    457       97      109       87       85      134      188      594     1987 |      3738
                                    832      131      202      151      100      156      231      860     2751 |      5414
                                   1169      193      226      199      229      256      445     1659     5384 |      9760
                                   5529     1200     1296     1427     1197     2135     3610    31817   225396 |    273607

                    SUM           32871     3923     4157     3255     2645     3964     6174    39812   247664 |    344465
                                                       OBSERVATION
                                  20015     1470     1331      712      485      558      737     1594     3765 |     30667
                                   1505      290      303      187      151      217      277      849     2344 |      6123
                                    811      133      185      118      124      117      173      619     1920 |      4200
                                    640      108      142       92       74      119      164      583     1692 |      3614
                 cy43h21_MSG_2      549      115      131      104       96      110      168      566     1842 |      3681
                                    610      111      148      106       85      125      192      653     2147 |      4177
                                    921      161      199      144      129      182      249      845     3065 |      5895
                                   1487      241      298      259      240      312      467     1825     6186 |     11315
                                   6333     1294     1420     1533     1261     2224     3747    32278   224703 |    274793

                    SUM           32871     3923     4157     3255     2645     3964     6174    39812   247664 |    344465
                                                       OBSERVATION
                                  20186     1491     1358      731      476      564      764     1611     3892 |     31073
                                   1539      277      291      184      173      235      276      895     2427 |      6297
                                    789      120      194      106      109      119      187      678     1971 |      4273
                                    660      102      133      109       90      115      155      592     1759 |      3715
             cy43h21_MSG_2_IAU      549      116      123       98       80      110      162      572     1841 |      3651
                                    627      115      143      114       93      125      188      657     2219 |      4281
                                    965      158      184      152      131      179      256      910     3076 |      6011
                                   1366      220      313      250      235      304      468     1785     6201 |     11142
                                   6190     1324     1418     1511     1258     2213     3718    32112   224278 |    274022

                    SUM           32871     3923     4157     3255     2645     3964     6174    39812   247664 |    344465

