 <pre>

 Contingency table for Visibility (m)
 Selection: ALL    692 stations
Period: 20201211-20201211
Used {00,03,06,09} + 00 01 ... 09
 Limits    1000.00000       5000.00000       10000.0000       20000.0000    
 Each class is data <= limit, the very last > last limit
 Total number of values       14629
                                     OBSERVATION
                                     71       46       14       10       26 |       167
                                    124      952      824      525      415 |      2840
                   cy43h21_MSG       59      811     1181      782      598 |      3431
                                      7      293      911     1424     1008 |      3643
                                     39      512     1140     1476     1381 |      4548

                    SUM             300     2614     4070     4217     3428 |     14629
                                     OBSERVATION
                                     74       67       20       12       25 |       198
                                    123      970      945      687      578 |      3303
               cy43h21_MSG_IAU       50      657      941      694      593 |      2935
                                      6      271      791     1086      759 |      2913
                                     47      649     1373     1738     1473 |      5280

                    SUM             300     2614     4070     4217     3428 |     14629
                                     OBSERVATION
                                     75       52       14       10       29 |       180
                                    136      875      721      382      255 |      2369
                 cy43h21_MSG_2       35      765     1158      761      506 |      3225
                                      7      219      688     1105      944 |      2963
                                     47      703     1489     1959     1694 |      5892

                    SUM             300     2614     4070     4217     3428 |     14629
                                     OBSERVATION
                                     76       62       12       13       28 |       191
                                    133      924      802      413      289 |      2561
             cy43h21_MSG_2_IAU       28      625      923      655      453 |      2684
                                      5      173      572      867      758 |      2375
                                     58      830     1761     2269     1900 |      6818

                    SUM             300     2614     4070     4217     3428 |     14629

